15
5
[145,94.3,108.5]
[135,94.3,108.5]
[125,94.3,108.5]
[115,94.3,108.5]
[105,94.3,108.5]
[95,94.3,108.5]
[85,94.3,108.5]
[75,94.3,108.5]
[65,94.3,108.5]
[55,94.3,108.5]
[45,94.3,108.5]
[35,94.3,108.5]
[25,94.3,108.5]
[15,94.3,108.5]
[5,94.3,108.5]
[0,1.57079632679,0]
[0,1.57079632679,0]
[0,1.57079632679,0]
[0,1.57079632679,0]
[0,1.57079632679,0]
[0,1.57079632679,0]
[0,1.57079632679,0]
[0,1.57079632679,0]
[0,1.57079632679,0]
[0,1.57079632679,0]
[0,1.57079632679,0]
[0,1.57079632679,0]
[0,1.57079632679,0]
[0,1.57079632679,0]
[0,1.57079632679,0]